40, 1, 1, 1
4
2, 1, 6, 0
0, 125, 1, 0
50, 125, 1, 0
100, 125, 0, 0
100, 75, 1, 0
100, 25, 0, 0
125, 25, 0, 0
125, 75, 0, 0
175, 75, 0, 1
225, 75, 0, 0
225, 25, 1, 0
225, -25, 1, 0
225, -75, 0, 0
175, -75, 0, 1
125, -75, 0, 0
125, -25, 0, 0
100, -25, 0, 0
100, -75, 1, 0
100, -125, 0, 0
25, -125, 0, 0
25, -200, 0, 0
0, -200, 0, 1
-25, -200, 0, 0
-25, -125, 0, 0
-100, -125, 0, 0
-100, -75, 1, 0
-100, -25, 0, 0
-125, -25, 0, 0
-125, -75, 0, 0
-175, -75, 0, 1
-225, -75, 0, 0
-225, -25, 1, 0
-225, 25, 1, 0
-225, 75, 0, 0
-175, 75, 0, 1
-125, 75, 0, 0
-125, 25, 0, 0
-100, 25, 0, 0
-100, 75, 1, 0
-100, 125, 0, 0
-50, 125, 1, 0
50, 75, 0
50, -75, 0
-50, -75, 0
-50, 75, 0