57, 7, 7, 20
4, 4, 3, 4, 3, 4, 4
3, 20, 60, 1
840, 720, 1, 0
860, 750, 0, 0
1060, 700, 0, 0
800, 650, 0, 1
570, 600, 1, 0
610, 530, 1, 0
660, 580, 0, 0
700, 520, 1, 0
750, 575, 0, 0
790, 515, 1, 0
820, 590, 0, 0
870, 520, 1, 0
930, 590, 0, 0
970, 520, 1, 0
1000, 550, 0, 0
1060, 480, 0, 0
1090, 400, 1, 0
1020, 380, 0, 0
1060, 450, 0, 0
990, 510, 0, 0
890, 520, 0, 1
890, 480, 1, 0
980, 440, 0, 0
940, 370, 0, 0
850, 370, 0, 0
830, 435, 0, 0
750, 480, 1, 0
730, 400, 0, 0
670, 430, 0, 0
590, 430, 0, 1
570, 360, 0, 1
590, 310, 0, 0
645, 300, 1, 0
610, 320, 0, 0
630, 380, 0, 0
720, 340, 1, 0
720, 270, 0, 0
610, 280, 1, 0
720, 220, 0, 0
760, 80, 0, 0
640, 140, 1, 0
720, 10, 0, 0
820, 50, 0, 0
910, -20, 0, 1
970, -20, 0, 0
960, 50, 0, 0
1040, 100, 0, 0
1040, 210, 0, 1
1120, 220, 0, 0
1180, 90, 1, 0
1260, 180, 0, 0
1220, 310, 0, 0
1260, 420, 0, 1
1170, 530, 1, 0
1240, 670, 0, 0
1080, 800, 1, 0
800, 800, 0, 1
970, 320, 0
1010, 340, 0
1010, 370, 0
960, 360, 0
780, 180, 0
850, 160, 1
880, 300, 0
790, 330, 0
900, 80, 1
1080, 340, 0
1050, 360, 0
730, 40, 0
760, 40, 0
740, 80, 0
720, 70, 0
1160, 240, 1
1190, 310, 0
1110, 310, 0
1050, 580, 0
1180, 580, 0
1180, 670, 0
1050, 670, 0
950, 605, 0
1030, 605, 0
1030, 660, 0
950, 655, 0