56, 5, 1, 1
8, 5, 9, 8
4, 1, 60, 1
10, 200, 0, 0
55, 150, 0, 0
55, 125, 0, 0
35, 125, 0, 0
35, 115, 0, 0
100, 115, 0, 0
100, 105, 0, 0
165, 105, 0, 0
165, 155, 0, 0
200, 155, 1, 0
240, 155, 0, 1
265, 155, 0, 0
265, 120, 1, 0
265, 85, 1, 0
265, 50, 0, 0
290, 50, 0, 0
290, -125, 1, 0
290, -150, 1, 0
290, -175, 0, 0
260, -175, 0, 1
210, -175, 1, 0
165, -175, 0, 0
165, -150, 0, 0
125, -150, 1, 0
90, -150, 1, 0
50, -150, 0, 0
50, -160, 0, 0
-10, -160, 0, 1
-70, -160, 0, 0
-70, -150, 0, 0
-170, -150, 0, 0
-170, -175, 0, 0
-265, -175, 0, 1
-295, -175, 0, 0
-295, -130, 1, 0
-295, -85, 1, 0
-295, -40, 1, 0
-295, 5, 1, 0
-295, 50, 0, 0
-275, 50, 0, 0
-275, 85, 1, 0
-275, 120, 1, 0
-275, 155, 0, 0
-225, 155, 1, 0
-175, 155, 0, 0
-175, 115, 0, 0
-150, 115, 0, 0
-150, 110, 0, 0
-125, 110, 0, 1
-100, 110, 0, 0
-100, 115, 0, 0
-40, 115, 0, 0
-40, 125, 0, 0
-60, 125, 0, 0
-60, 150, 0, 0
-15, 200, 0, 0
200, -40, 0, 0
200, -100, 0, 0
155, -100, 1, 0
110, -100, 1, 0
65, -100, 1, 0
20, -100, 0, 0
20, -40, 0, 0
60, -40, 1, 0
175, 90, 0, 0
175, 20, 0, 0
100, 20, 0, 0
100, 55, 1, 0
100, 90, 0, 0
-100, 90, 0, 0
-100, 55, 1, 0
-100, 20, 1, 0
-100, -20, 0, 0
-150, -20, 0, 0
-150, 10, 1, 0
-150, 40, 0, 0
-200, 40, 0, 0
-200, 90, 0, 0
-50, -75, 0, 0
-50, -100, 0, 0
-100, -100, 1, 0
-150, -100, 1, 0
-200, -100, 0, 0
-200, -75, 0, 0
-150, -75, 1, 0
-100, -75, 1, 0