71, 4, 22, 5
6, 6, 6, 6
3, 5, 500, 5
95, 324, 1, 0
163, 315, 0, 0
136, 282, 0, 0
116, 258, 1, 0
100, 240, 0, 0
65, 197, 0, 0
93, 169, 0, 0
126, 178, 0, 0
150, 185, 1, 0
220, 205, 0, 0
256, 205, 0, 0
272, 228, 0, 0
284, 245, 0, 0
296, 262, 0, 0
329, 309, 1, 0
321, 248, 0, 0
314, 197, 0, 0
310, 164, 0, 0
306, 136, 0, 1
303, 111, 0, 0
296, 44, 1, 0
308, 82, 0, 0
317, 111, 0, 0
325, 136, 0, 0
346, 198, 0, 0
410, 169, 1, 0
433, 162, 0, 0
452, 156, 0, 1
520, 136, 0, 0
566, 143, 0, 0
554, 164, 0, 0
519, 232, 0, 0
540, 230, 0, 0
559, 228, 0, 0
623, 223, 0, 0
611, 240, 1, 0
600, 256, 0, 0
568, 306, 0, 0
574, 359, 0, 0
528, 398, 0, 0
554, 414, 0, 0
580, 430, 1, 0
647, 470, 0, 0
641, 540, 1, 0
599, 526, 0, 0
567, 515, 1, 0
539, 506, 0, 0
468, 483, 1, 0
418, 462, 1, 0
424, 488, 0, 0
430, 514, 1, 0
447, 582, 0, 0
424, 533, 0, 0
408, 499, 1, 0
391, 462, 0, 0
381, 440, 0, 0
352, 377, 0, 0
344, 405, 0, 0
337, 428, 0, 0
330, 451, 1, 0
315, 510, 0, 0
291, 532, 0, 0
271, 550, 1, 0
251, 568, 0, 0
202, 617, 0, 0
200, 599, 0, 0
197, 532, 1, 0
202, 474, 0, 0
152, 434, 0, 1
138, 369, 0, 0
22, 332, 0, 1
268, 284, 0
295, 300, 0
272, 342, 0
256, 321, 0
234, 329, 0
256, 293, 1
444, 418, 0
439, 380, 0
460, 344, 0
476, 360, 1
507, 376, 0
483, 411, 0
270, 453, 0
258, 435, 1
313, 426, 0
312, 441, 0
310, 449, 0
301, 469, 0
404, 422, 1
395, 430, 0
395, 395, 0
395, 374, 1
410, 377, 0
430, 404, 0
