16, 1, 4, 8
32
3, 5, 1000, 1
600, 1550, 0, 1
600, 1200, 0, 0
400, 1000, 0, 0
50, 1000, 0, 0
50, 600, 0, 1
400, 600, 0, 0
600, 400, 0, 0
600, 50, 0, 0
1000, 50, 0, 1
1000, 400, 0, 0
1200, 600, 0, 0
1550, 600, 0, 0
1550, 1000, 0, 1
1200, 1000, 0, 0
1000, 1200, 0, 0
1000, 1550, 0, 0
700, 1300, 0
700, 1000, 0
600, 900, 0
300, 900, 0
300, 890, 0
700, 890, 1
700, 710, 1
300, 710, 0
300, 700, 0
600, 700, 0
700, 600, 0
700, 300, 0
710, 300, 0
710, 700, 1
890, 700, 1
890, 300, 0
900, 300, 0
900, 600, 0
1000, 700, 0
1300, 700, 0
1300, 710, 0
900, 710, 1
900, 890, 1
1300, 890, 0
1300, 900, 0
1000, 900, 0
900, 1000, 0
900, 1300, 0
890, 1300, 0
890, 900, 1
710, 900, 1
710, 1300, 0